$ANSIBLE_VAULT;1.1;AES256
35386335326632666538653532363335613266376263346664393162383530633733336133643234
3931613430306466636661626636393135393363623335610a373337623131653230633732306331
32303965393265643235366630373464383862393535353363623037363732306461646637323432
3637343332373231380a663337343661623661346437643738343035393835393063626365653338
33376532646539323365393838616135646266396164656361316431656231636661626434306665
62653236666439356137356332353764363566323330646561383666663064333730643834613736
62646535613434623734363366623966353732383435663335336531333635626462373566393133
61306637636562646432323434633238393434336330393133626634373666306434383931633533
34313732336566333238353635636464323634656666633935663765323433393530643938326634
31653033616466313138643934393831303937646136343537393161353136613537393933633237
62396435376236326463393563336637303030616636653530376233313938643465386162663831
31613332333431363264633535383265383437383438656533333261656264613730323866633936
34653432353662383335383435353537613434343862663235643334393630303263386532633263
37353438343730613334393661316239333832323032313762353166303537643863383666363662
36643538313262666266373839373833623764336434643531623539373734373838383731633466
66376439306530383238353664663865383635373135346162646565316337363230663738356365
64363166653765383263313965313865326536323134653830656565666464616336333361316637
39333238366436353837313362613562353733333561393132323065333863396436653934616336
32646361396431396131333463656139383435313433653433333162623439323230313163323763
33663939323630643039313937356233653861316365393135373838326439366364366537643036
61363631633864373930656666623833383736393235363834633330626635366430366438643437
31323362376366333431653963643536613630346361313434656337663134303830633130323731
38353432363065343265653536656263393862623831393138333536303334323063363836623961
37656265366163386437343964376530643635306538346666663433616461353235613364366632
36653334643637393465636362366138633134323535383862306437343761313032323865306137
61646431643235656462366661323665356233653739616630393366643836396136633835396138
64646635333536336238313366336163396361373338323537366635653735326130393864346538
32356262643235653963343439656265316563626233613861613034636336396565343131353966
66333261306163363164666361633466643739646539623737633366396166626531353630316235
38646436326439396266616535626130393962393463303930306263653164353538623231343930
64363531323632653739313264366631353932373735616236366266393038346339393061393838
31386439323531663939343263313936313133333666663337393335326236303132646637623336
36393034333164376564336562373636376262326465336366306130366537636632666465623132
65653433656639303734623439663863396538383135343866353535613665396435396239303666
37653064323062656536326138346337313432356432623238383236303933313261386431383961
38623461643338636661383231313964393638303865383439346232373932613834336136343334
38616532346630336335396466393664316337666537613737383465656336626636656437633862
33333662333630623063633766663861373537313264326638633931376338353638613739376163
62653934616166326164616561633834363339326135343336633862346131376634303934323933
63313136356563366239646463326136363765343738353432313362633830646133633037333465
63613037663233383365316463663064316466306239313936343065623838356337656332363437
31353166663031306662303165363038323638313134326538313632306335363433666262313539
66353138356138663566303633316162343537633463333336363865323631346232653130646630
36373537396462663465653362646566303065356563623536666237333939636266636636303435
61623835656232333433316130666434666664653866663331626266353031346231643538626333
63386339626437383034373762626638643633316239386231393866356464353861313566383839
36343538386430623162353136633435346462356237386538336436393835643532323231643031
37313763343835333437316165616230393762666461666439313161316232333961633831613135
65316263363435333436633762666566356231613837343565666536656431303733313362636661
32616362313866343436663061363538343839363765386539623063393962383434346465626462
31323432616366303138346365363137626561383862393936663131623961316331376332353361
38303636343261363237336661613033373764346330663936326366663962323065323735666666
30666465346363313637373031636362343135623732623666306136633133613638343637396334
31613837623238366263653561353963633734343664663834623434303832373166656330313462
66333439643831646234623661303563383466653266326132616136633666333930396530633166
66373361306430313662643030636336316239633063393932373539326534316131656130663438
33393036336138373634613066656166353137313331653439666431326162633839353237643662
66633335356638646330393737393733306263323834353431636237363034313130643837313139
66643036366265666364616233303732393730373631396661656331636338663663376162663861
31633235663233396362323865373137323636373236333936346335636363656135636364356638
37366463613864316361303733363863643866383133623839376361386563393230653032373434
66373434666233356530316232643439333364333635336531643539336536356665386365343462
66346137346436343666653736333034663534653964333266393963323530373230396135393331
37396136303339613766343265353466663837663065373831626266363337353631613937393032
34333731346139313535306336386131356165393038613730343164313135343965613638346334
65656361636133396338393836633965653935653565373636396637366632366166613362363137
36323766663333666366663435616339373866353533393339646130356130386636353564663931
31333065303135393632386430306535303639323930303666633361393035336161653638313733
39323831323864626133643033303434353161333465313337663138383137336137353233653038
32333630663133326664623765346133376630383339363831323463396137393939313232396164
37663233656561656561656165323765343161343032616163306233653238363164323834366363
36356133656434313930333536653734353563643832326133643666353964653235663233396338
62663638633431386166363739656130613663363864646435366637623237613037333031313636
62326465646630323037643939643039323165306235626263323733643237393032366234643433
63626338643832623061316234396561343132396338623834303432643366373033636666366463
39393536666564376663633434663463616361383262386433633863343736613839633033633135
36306631366433643266663765386434353237383931343232663731633966653161376662336163
38366465356231393432666532653763393236656137623061316638303335383430376266366537
34336139636433623036316237313433363533636163306335323535646337306131643965656636
63376363343635653536663334316663393531643638613031613364343032373262643765663739
65303331643863613964666535346533366333323765653232363633363039663262666562653335
65636461353764313061353737303364653930643864323033666266336265303264386131376461
35323062653735613738653363626333363431633566383736356230383832343537333462656137
34326162393330353464313237343033393262363662353863306338343635663533323466626236
37396233623534633963653537356665623733613566653562336261346636393535353630636139
38613830653233666135636534366432373531333661336631643536633332383564313733303434
34623437666664323463623861393936613033313632343030346465383761376635656261633361
39663036393434356130323763366663393335333430623932633662303334643666373537373663
37643839323361346230636633653164663762343864653530313734653630353539313533363339
37323061623863396134643666343764303332323036663033346234376666663963643862343861
64346435653163623432333438306633336638613534303463623036643435383563613736336165
30353131633165363739656565653133626465373433326639663662396136633237363233356562
36626437643133656362666335383731666133393930616139633931333661386664316336343966
65316335343765366538363665356432343635663633356331356530616332663063323136646134
64666166333165333437613065623838633838646639356435626239663763626366333538313761
64656366366535353839623162313733326632653233326165323033663930613438616137383661
62343234616536393961383961366165323239363830626264323766626333376163656438613039
37626262376662363338636433366532356138336331306430383566356637383335643435316539
31663436343636643261383463636534643962303132656438656265373638623237376266666435
30386463633231356130653733376664663235626330376330313061646462333330663739393666
64626163396561353536396166323164616135613331313963633262623731623038373837363235
35366264326162623036386662613731356133343331306131343131386466656337633636353132
37346265623732303465396539656434616133323663663533333035656161323031396166313539
65343166333761656332346138323265633737613565353232653332653438306234386134613134
36643638396561383530386131636333643931393038363964343464643736623362373437643033
39386435396135613562616533363366363537303964373134313466386435343231663263346164
39346332353734326664363435346539643533363739613639636531363233303864646164663433
37316332383234313133303635636264626434623434343761346362616661363834653038396566
66383339303635613939386461663732336464376266663134666338303036626537613564613432
34633238383530343939333535623066656461323466333734376565626230613034323662343136
32663832376661346539343762393366303139303533666562336265636130396466303462346263
31303631323663623439316362613961393836623764343961633031383266643166616231323436
35343330616133396531393430616335633332393263346238353132353033373732663465393166
34303362343462343665636636396130326233353337656337333230353861306465653137303065
34613039353639386161643133373431613039356234613665303736323832393334613661653237
63366462663437363330396234623961316466343331303331393133323231613338646462333538
63363434396165663165353363343665396331623333303965646265663835363663613637333939
37383961653066316631306434386665333162386438303634656339343532623939393737383163
35623838343634623662646237323130646539653736333663623930646561353562303737663332
65366262666361393462646634623036326639643362306338323230643530623838336133646263
36366135633439616362376664653764373336653863346236316534666430333438356632623265
61346635636466383332356632313832326464363063373632323761343061363037373637333339
30656463333335333232613162323832376263396639613939636338313362303133353238316638
64366133316531353963353762383062303930326465303532363263356662336637646561616538
33653163333163326564316534616232373339386666656164383930626435376639616630353438
39303336326633393433643330626234326330323032313838376661373362616238613235303032
34323037323135306665623933356236326135623731633738613737323535623438383461343531
33636430393966323032613465323461616465343533353030373532613462356161646665383738
34383037383766626237633965313639303035633265323630313134366137643366653637613634
32353031396261613534323366393037386462613366633336316163393839616631643538666239
32316539363061393661323262346266336639343965393061656265356264356636306431643264
39353535386233396263356562393638366132363734356132333366663766666264626534653266
33626533386163303738633363613033323033303335383339613631303932356362663136376537
39623364313339383430663632643065646334663261343731393364623637633136333736363265
64663662366537336630303230323538316235313738393637353932656634326261616539616263
62613834323338366630663635303062313832306438643366636262626561353938633031646433
39383830386138653635366366313664376339303864346433373563663361313437343362326338
38363865663739336163396139323765663666323838643461643337336564396263326439363439
62373037356466633735336432643233653639393534383134633730366539643334663434646232
36323561653236663236636339353438323362366335343065643362666437353431613839373038
64653432323138313838333632613162346132613463363165643366353062356538313363323966
34353930306166303165363862313532613436356363343439303662333330393563316536376133
66363936316531383262316339313939343565316262653761376438633633303264663531323461
38313132653864663863386366313766326233336366336435306434373136613263366634653366
64653361653463383461643234343464643134346164303831643636343534303539613866616164
63316239343461356332323738393535643233643630303761343165626239393464323963376432
39653438653765656361306339333566306139633063636566353231643639316261613034303363
35666263623230656466653630613137666461633362363838663630303131613531393738613832
32313637333732623537626136303930363861663638353232666461323730363035303436303633
30366163333466633065663732613839643335316435386361383566323431643431643431356461
63396331333832363037636665653939626232353935636563613432663162323731646565316562
32336538376138316334383539633235636130333061646335643237356532316165663765643162
32623037333632633237616635363935343262333866646631643966653931323166323530663639
36373566313431663130353935633262656235386438643731616532336263313733626537323237
35393431653537333966666666646532343563636538343030653966646462393564356366306666
34316430363232336663626238353335616564363231613833643864353964613839616131306365
39383339383336313265656462396362626634386136316337633933643437623032303434303764
64613764373835366638303438373864666638343534333935623833356264626638363633626531
36396236333635326162393461306334646363353162326665393530323964376466353737353061
38336235386231363035643437363733396231323030343066363338313134663639643861656464
32633362303931393434643739323263386633333338646265633139666537353062633339333836
30313433616663343633653939343530663665373535393331376535316463623037306430343836
34366266396531393262323164623034663637656262363936323239613139646137616232646364
34626336623165376166653332623331316666663363616236613135336236616465336430613861
62396465643234353363306136343962333532366334643162393338306434366263386666356462
65323762393135636537383638633561393433333964643666663834333363333464646465363135
31356638393731656664653836646233383363323431393331353834313639303764663866613862
63336336623034316339316530353534626535653530323335643965313164373365383766373763
64336561343032333033303864663062396561376665633664353233376435393335663466336336
35636361326633666334363961313038636361343436616633353939346535646335323236393538
39356131636539623361623331646230373166646538383734346234636130663763363137366132
38653466626439656161656638343839356361613834616535363763383961313964323739336339
32346264343532656161643839613331313766663837303836626435333539316464366533366433
37303931326464343365366235336533613237323731326130363234363065326236326436646466
61646365656534376234356434656265656339336330626237393761333361643732646637616265
34336336623737313437
